    39    33    45    57
    129   30    78    60
    302   31    58    59
   441    36    77    54
   559    34    76    56


    40    160    45    57
    169   163    50    52
    296   162    50    52
    414   173    57    35
    541   175    57    35
    664   194    64    23


    39    292    56    55
    167   292    56    54
    295   292    56    55


    39    419    45    57
    162   419    52    58
    289   418    52    58


    39    544    45    57
    167   545    45    56
    295   546    45    55
    423   547    45    54
    551   549    45    52
    679   548    45    53

    39    677    51    55
    167   678    51    54
    295   677    51    55 


    39    799    45    57
    171   797    41    58
    299   796    43    56
    423   799    45    57
    546   799    57    57
    673   798    60    58
